UNKNOWN
version=1
nRows=123
nColumns=3
inDegrees=no
endheader
time	time	knee_angle_l
      0.00000000	      0.00000000	      0.98581020
      1.00000000	      0.03000000	      0.89934513
      2.00000000	      0.07000000	      0.90434986
      3.00000000	      0.10000000	      0.84960155
      4.00000000	      0.13000000	      0.85159443
      5.00000000	      0.17000000	      0.69009723
      6.00000000	      0.20000000	      0.69112593
      7.00000000	      0.23000000	      0.65292542
      8.00000000	      0.27000000	      0.73357531
      9.00000000	      0.30000000	      0.75601846
     10.00000000	      0.33000000	      0.66363787
     11.00000000	      0.37000000	      0.91191932
     12.00000000	      0.40000000	      0.64622586
     13.00000000	      0.43000000	      0.64537192
     14.00000000	      0.47000000	      0.62625734
     15.00000000	      0.50000000	      0.68611158
     16.00000000	      0.53000000	      0.68047582
     17.00000000	      0.57000000	      0.72483327
     18.00000000	      0.60000000	      0.71065217
     19.00000000	      0.63000000	      0.65013044
     20.00000000	      0.67000000	      0.71709376
     21.00000000	      0.70000000	      0.68303245
     22.00000000	      0.73000000	      0.63828675
     23.00000000	      0.77000000	      0.54576409
     24.00000000	      0.80000000	      0.49997260
     25.00000000	      0.83000000	      0.44945216
     26.00000000	      0.87000000	      0.64621334
     27.00000000	      0.90000000	      0.69267888
     28.00000000	      0.93000000	      0.37632779
     29.00000000	      0.97000000	     -0.10061016
     30.00000000	      1.00000000	     -0.84836071
     31.00000000	      1.03000000	     -2.46136718
     32.00000000	      1.07000000	     -4.68681179
     33.00000000	      1.10000000	     -5.73486484
     34.00000000	      1.13000000	     -7.62235169
     35.00000000	      1.17000000	     -8.55216617
     36.00000000	      1.20000000	    -14.40467179
     37.00000000	      1.23000000	    -19.22647340
     38.00000000	      1.27000000	    -28.19945051
     39.00000000	      1.30000000	    -32.07344712
     40.00000000	      1.33000000	    -39.74132605
     41.00000000	      1.37000000	    -45.46858245
     42.00000000	      1.40000000	    -50.74405934
     43.00000000	      1.43000000	    -59.13207905
     44.00000000	      1.47000000	    -61.22764776
     45.00000000	      1.50000000	    -68.87770912
     46.00000000	      1.53000000	    -79.50880520
     47.00000000	      1.57000000	    -95.28374226
     48.00000000	      1.60000000	    -94.65384722
     49.00000000	      1.63000000	    -96.89099277
     50.00000000	      1.67000000	   -101.86646429
     51.00000000	      1.70000000	   -103.33036560
     52.00000000	      1.73000000	   -106.02731444
     53.00000000	      1.77000000	   -107.15476276
     54.00000000	      1.80000000	   -108.60603834
     55.00000000	      1.83000000	   -110.84442638
     56.00000000	      1.87000000	   -112.49401333
     57.00000000	      1.90000000	   -113.46021963
     58.00000000	      1.93000000	   -114.32227505
     59.00000000	      1.97000000	   -115.15004107
     60.00000000	      2.00000000	   -115.37565809
     61.00000000	      2.03000000	   -115.40600845
     62.00000000	      2.07000000	   -115.17508254
     63.00000000	      2.10000000	   -115.01237992
     64.00000000	      2.13000000	   -114.46960388
     65.00000000	      2.17000000	   -113.41170175
     66.00000000	      2.20000000	   -111.66671717
     67.00000000	      2.23000000	   -110.19186687
     68.00000000	      2.27000000	   -107.97799387
     69.00000000	      2.30000000	   -105.00934155
     70.00000000	      2.33000000	   -102.56657497
     71.00000000	      2.37000000	   -100.33321493
     72.00000000	      2.40000000	    -99.02583131
     73.00000000	      2.43000000	    -92.77894602
     74.00000000	      2.47000000	    -75.44032919
     75.00000000	      2.50000000	    -72.11685140
     76.00000000	      2.53000000	    -60.99966307
     77.00000000	      2.57000000	    -52.56947346
     78.00000000	      2.60000000	    -45.54860745
     79.00000000	      2.63000000	    -38.13168326
     80.00000000	      2.67000000	    -31.71803020
     81.00000000	      2.70000000	    -29.76694226
     82.00000000	      2.73000000	    -25.25767208
     83.00000000	      2.77000000	    -22.03119971
     84.00000000	      2.80000000	    -19.56538105
     85.00000000	      2.83000000	    -16.68517166
     86.00000000	      2.87000000	    -14.40257371
     87.00000000	      2.90000000	    -12.05751220
     88.00000000	      2.93000000	     -9.80263749
     89.00000000	      2.97000000	     -6.39126759
     90.00000000	      3.00000000	     -4.76418755
     91.00000000	      3.03000000	     -4.09045310
     92.00000000	      3.07000000	     -3.25615711
     93.00000000	      3.10000000	     -3.05534871
     94.00000000	      3.13000000	     -2.73280642
     95.00000000	      3.17000000	     -2.23991150
     96.00000000	      3.20000000	     -1.93629610
     97.00000000	      3.23000000	     -1.55574076
     98.00000000	      3.27000000	     -0.28673819
     99.00000000	      3.30000000	      0.10019076
    100.00000000	      3.33000000	      0.36677090
    101.00000000	      3.37000000	      0.51870333
    102.00000000	      3.40000000	      0.49333138
    103.00000000	      3.43000000	      0.63302411
    104.00000000	      3.47000000	      0.60245579
    105.00000000	      3.50000000	      0.71138969
    106.00000000	      3.53000000	      0.89015086
    107.00000000	      3.57000000	      0.74607857
    108.00000000	      3.60000000	      0.63615815
    109.00000000	      3.63000000	      0.59565797
    110.00000000	      3.67000000	      0.68677326
    111.00000000	      3.70000000	      0.74486582
    112.00000000	      3.73000000	      0.84976402
    113.00000000	      3.77000000	      1.12409980
    114.00000000	      3.80000000	      0.89969669
    115.00000000	      3.83000000	      0.84416805
    116.00000000	      3.87000000	      0.73338978
    117.00000000	      3.90000000	      0.71258601
    118.00000000	      3.93000000	      0.56649549
    119.00000000	      3.97000000	      0.17155247
    120.00000000	      4.00000000	      0.11970938
    121.00000000	      4.03000000	      0.10644530
    122.00000000	      4.07000000	     -0.14474885
