UNKNOWN
version=1
nRows=145
nColumns=3
inDegrees=no
endheader
time	time	knee_angle_l
      0.00000000	      0.00000000	     -7.70199949
      1.00000000	      0.03000000	     -7.59471951
      2.00000000	      0.07000000	      0.12358841
      3.00000000	      0.10000000	     -0.06408322
      4.00000000	      0.13000000	     -6.92716792
      5.00000000	      0.17000000	     -6.90997457
      6.00000000	      0.20000000	     -6.80676840
      7.00000000	      0.23000000	     -6.68230479
      8.00000000	      0.27000000	     -6.77274518
      9.00000000	      0.30000000	      0.13673824
     10.00000000	      0.33000000	     -6.92130504
     11.00000000	      0.37000000	     -6.43239993
     12.00000000	      0.40000000	     -6.08983745
     13.00000000	      0.43000000	     -6.14302067
     14.00000000	      0.47000000	     -6.26498802
     15.00000000	      0.50000000	     -6.16279152
     16.00000000	      0.53000000	      0.48689241
     17.00000000	      0.57000000	     -6.42377592
     18.00000000	      0.60000000	      0.53036297
     19.00000000	      0.63000000	      0.49821416
     20.00000000	      0.67000000	     -6.66795167
     21.00000000	      0.70000000	     -6.35568262
     22.00000000	      0.73000000	     -6.23954709
     23.00000000	      0.77000000	      1.02253663
     24.00000000	      0.80000000	      0.84184937
     25.00000000	      0.83000000	      0.82659089
     26.00000000	      0.87000000	     -6.32638086
     27.00000000	      0.90000000	     -6.30067675
     28.00000000	      0.93000000	     -6.03618785
     29.00000000	      0.97000000	     -6.16451265
     30.00000000	      1.00000000	     -6.64803339
     31.00000000	      1.03000000	     -6.71358359
     32.00000000	      1.07000000	     -6.99340902
     33.00000000	      1.10000000	     -7.64521935
     34.00000000	      1.13000000	     -7.92006571
     35.00000000	      1.17000000	     -8.33374053
     36.00000000	      1.20000000	     -8.61457975
     37.00000000	      1.23000000	     -9.51331883
     38.00000000	      1.27000000	    -10.29199331
     39.00000000	      1.30000000	    -10.60992141
     40.00000000	      1.33000000	    -11.84654634
     41.00000000	      1.37000000	    -13.36221332
     42.00000000	      1.40000000	    -14.77713318
     43.00000000	      1.43000000	     -9.31832108
     44.00000000	      1.47000000	     -9.75196338
     45.00000000	      1.50000000	    -12.78254502
     46.00000000	      1.53000000	    -17.63747325
     47.00000000	      1.57000000	    -25.87144479
     48.00000000	      1.60000000	    -30.40411179
     49.00000000	      1.63000000	    -32.81045421
     50.00000000	      1.67000000	    -35.86962514
     51.00000000	      1.70000000	    -40.03919403
     52.00000000	      1.73000000	    -46.28900742
     53.00000000	      1.77000000	    -49.75766674
     54.00000000	      1.80000000	    -56.43854415
     55.00000000	      1.83000000	    -56.13131014
     56.00000000	      1.87000000	    -58.00783562
     57.00000000	      1.90000000	    -57.35725021
     58.00000000	      1.93000000	    -57.07963838
     59.00000000	      1.97000000	    -62.93569974
     60.00000000	      2.00000000	    -66.03203171
     61.00000000	      2.03000000	    -77.20821476
     62.00000000	      2.07000000	    -76.35535931
     63.00000000	      2.10000000	    -76.57608446
     64.00000000	      2.13000000	    -87.73153252
     65.00000000	      2.17000000	    -83.98335424
     66.00000000	      2.20000000	    -81.83929442
     67.00000000	      2.23000000	    -91.60516281
     68.00000000	      2.27000000	    -87.84941661
     69.00000000	      2.30000000	    -89.87768779
     70.00000000	      2.33000000	    -88.62095961
     71.00000000	      2.37000000	    -92.50396789
     72.00000000	      2.40000000	    -91.82629145
     73.00000000	      2.43000000	    -95.93696306
     74.00000000	      2.47000000	    -94.33943273
     75.00000000	      2.50000000	    -95.02133065
     76.00000000	      2.53000000	    -95.44565385
     77.00000000	      2.57000000	    -95.94375533
     78.00000000	      2.60000000	    -96.03200136
     79.00000000	      2.63000000	    -96.16176747
     80.00000000	      2.67000000	    -96.26140242
     81.00000000	      2.70000000	    -96.11205172
     82.00000000	      2.73000000	    -95.77750422
     83.00000000	      2.77000000	    -95.25697489
     84.00000000	      2.80000000	    -95.10110020
     85.00000000	      2.83000000	    -94.91930352
     86.00000000	      2.87000000	    -90.20977910
     87.00000000	      2.90000000	    -88.53925099
     88.00000000	      2.93000000	    -83.09513918
     89.00000000	      2.97000000	    -80.08719913
     90.00000000	      3.00000000	    -77.11232132
     91.00000000	      3.03000000	    -76.04656165
     92.00000000	      3.07000000	    -77.80652215
     93.00000000	      3.10000000	    -74.39946253
     94.00000000	      3.13000000	    -55.60075024
     95.00000000	      3.17000000	    -45.39449823
     96.00000000	      3.20000000	    -44.55239646
     97.00000000	      3.23000000	    -42.40606628
     98.00000000	      3.27000000	    -37.82075451
     99.00000000	      3.30000000	    -33.21392637
    100.00000000	      3.33000000	    -29.63817421
    101.00000000	      3.37000000	    -25.33635966
    102.00000000	      3.40000000	    -21.86251389
    103.00000000	      3.43000000	    -20.26711658
    104.00000000	      3.47000000	    -20.02316588
    105.00000000	      3.50000000	    -21.03368449
    106.00000000	      3.53000000	    -23.68812763
    107.00000000	      3.57000000	    -22.19735255
    108.00000000	      3.60000000	    -22.76732322
    109.00000000	      3.63000000	    -22.66444835
    110.00000000	      3.67000000	    -15.46433558
    111.00000000	      3.70000000	    -14.35536886
    112.00000000	      3.73000000	    -14.25230942
    113.00000000	      3.77000000	    -13.45386068
    114.00000000	      3.80000000	    -12.36702253
    115.00000000	      3.83000000	    -10.13841474
    116.00000000	      3.87000000	     -7.50276735
    117.00000000	      3.90000000	     -3.60470775
    118.00000000	      3.93000000	     -0.70998166
    119.00000000	      3.97000000	     -0.55669664
    120.00000000	      4.00000000	     -0.31781165
    121.00000000	      4.03000000	     -0.43991955
    122.00000000	      4.07000000	     -0.10062151
    123.00000000	      4.10000000	      1.51733694
    124.00000000	      4.13000000	      0.85143139
    125.00000000	      4.17000000	      1.98852542
    126.00000000	      4.20000000	      1.13284828
    127.00000000	      4.23000000	      1.09875607
    128.00000000	      4.27000000	      0.92527220
    129.00000000	      4.30000000	      0.44601475
    130.00000000	      4.33000000	      0.46028027
    131.00000000	      4.37000000	      0.45946990
    132.00000000	      4.40000000	      0.52614223
    133.00000000	      4.43000000	      0.70877428
    134.00000000	      4.47000000	      0.41898444
    135.00000000	      4.50000000	      0.16868460
    136.00000000	      4.53000000	     -0.32841979
    137.00000000	      4.57000000	     -0.40853321
    138.00000000	      4.60000000	     -0.34141655
    139.00000000	      4.63000000	     -0.83923320
    140.00000000	      4.67000000	     -1.62112846
    141.00000000	      4.70000000	     -1.89437951
    142.00000000	      4.73000000	     -1.85358685
    143.00000000	      4.77000000	     -3.33296716
    144.00000000	      4.80000000	     -3.92410024
